65.2444935604724
65.60866639092545
65.13109216438772
63.6585033255965
63.26998712353816
63.80632548141432
63.42385434171587
62.48753619549316
61.824998178318026
62.55029147763142
63.465186434345014
61.84770041705559
60.74621113019782
61.41035760229232
61.49743071938963
61.70237492460967
61.33862498391238
60.942053569138636
60.524682222675324
59.43451618782228
60.18219665564061
60.43681563747509
58.75752835232038
58.34926871439586
58.91573917022504
57.41898192635506
57.32966534168054
57.89928698411313
57.190834946094355
57.33841865912666
57.07193225991591
57.112329736860374
56.73260488270455
56.65429144442123
57.26998035829695
57.022780743070825
55.82928827027558
54.3998860014824
54.7425359694314
54.057014529951175
54.19175082377296
53.684258802762315
52.871961510773644
52.766047149577844
53.07579462082231
53.38642355925958
51.46189297462524
52.99527491725462
52.97524673278508
51.848344359260636
51.689991284820735
50.5572855184887
49.330816423542274
49.339840302455514
49.84787843751633
47.71310903150288
48.39487165034734
49.34688000635174
49.111739074692196
48.871961539491394
46.97644416589651
47.14486452665005
48.014131880994455
49.4719111969323
48.04471015242666
45.754488591911695
47.819642556937424
48.470191214163606
46.32243187473887
46.26075539268777
46.6390085099697
46.670732359832755
46.076833072994305
44.835176841914745
44.68320233042755
45.839746292758946
46.316192628951285
43.27140509572837
41.909483076070046
43.622877298091225
45.13169183248101
45.18617547962003
45.14425040587457
45.82540707278076
46.12470492551711
46.38269130515164
45.486156511970876
46.305282232938225
46.83543986089262
46.45552715098211
47.21600054899591
45.504563349980344
46.16214240276713
47.52031235163804
48.51000144239151
50.16625592064884
47.47386322005741
44.807397904754
45.688868131031086
47.510104215379215
48.30231622419433
47.995352577072026
47.18965460042364
46.614516009423824
46.72635840455223
46.03477207963624
46.24482623668155
47.08629300070288
45.90461350747273
46.004533689654636
46.245421086203805
46.35653568691396
47.38306149725304
46.32296627227015
46.19496079674809
46.90614267232286
46.77626479515311
48.23079588827068
48.211272400082635
48.28125710367112
47.57775550461247
46.25719371004561
48.40294596137164
49.5157859918354
49.43968112791754
48.24049563900462
47.57415728597471
47.98906658908618
48.08931132161433
48.3733539731993
47.2059417147766
47.54154888485891
48.24297554188706
47.12001736092316
46.43466587868488
47.31202828217283
48.371516908080594
48.58584086776318
48.55506690159518
48.02420520527221
49.04041584207607
49.216984522031
48.071951155430725
48.53779959876556
48.54212355644222
47.779690214220864
47.821206968542356
48.53413231219429
48.53658538679929
48.02883169609777
48.25515524043067
46.249216684645035
45.09260929098082
46.60594199620664
46.98661191306746
48.01151479230339
49.92673727036845
51.7116243809769
50.10531120403948
47.24513066095233
47.64444571788317
46.2449873391447
45.67374183999527
47.73412223634023
47.97250118197553
48.36714333093914
48.92928012038192
47.97146792098556
48.00852675396254
46.76456314729239
44.52986043136298
45.419151716710985
45.63143415491777
46.003973887944085
46.401562450355414
46.7858788433241
48.18945357688699
46.77900473254067
46.40160295836631
45.70308012364967
43.8015837895
44.37088681813566
45.6358486675299
46.26742515546448
45.97230626270266
45.992841419832075
46.04518899244795
45.77308543321942
44.44484673227089
43.73518287263141
44.25632571892038
44.651196371382866
46.00990564316271
46.05443720596122
44.7554688600776
43.852460618574696
43.80092779592178
44.837546169574125
45.189545107879894
44.067063865009914
42.93101542158274
42.91834073150312
42.729581243983375
42.22482559763648
42.05381632789522
42.929122657414155
43.03428079805599
42.42284959932658
42.73296653599937
42.60381796786078
42.09210897326557
41.96868611273476
40.06474659272408
40.23618154360247
42.87813703761367
41.53336511000816
41.91831887856097
44.0505108222178
41.541823254296105
40.66632798286082
41.746830430683076
39.99332585018419
40.570719906068916
42.01728078474753
40.95596415430191
41.164103468867324
41.97701812440755
41.01387675721162
40.376269347807465
39.61643187650134
38.36345596076353
38.4691937470061
38.56079243357635
38.02245839921579
38.38163067804726
40.253734114328836
40.74899990502672
38.84705744100302
40.62565450704551
41.08725892983239
38.03759855827866
38.40543672761487
37.70290191379627
36.915169676700316
37.72770519774349
36.213518482902145
35.13869914263432
35.962247412077886
35.67480454368979
34.71403437982735
35.24099573993226
34.79670186716885
35.41841086371187
37.62435651169653
36.44461102400146
35.255754347065704
36.33150183296948
36.123261174546315
37.18325847832966
37.948182312831705
35.27299368061995
33.260238482737805
32.96778800169977
34.23492341860674
35.245979467969846
35.727635570367966
36.65549451356401
35.235685779785854
32.58083487501608
32.95683315472888
32.88125955605392
31.37881324594764
31.384703606521725
32.98269714204889
32.217907980454584
30.480768589308354
30.7045136538336
31.092531904500902
32.196716377181474
31.371872323127718
30.73643816146705
31.11628814069718
30.33726788619515
30.068616822147305
31.41704747984022
33.639771641590414
32.864229331043134
31.59160789370162
31.754524065952864
31.672969969648875
32.89733579850417
32.12069407725994
31.277736461871427
31.455098513138182
30.845663761907417
30.083886426476965
28.867031751994546
29.427276061691373
30.42993158509944
30.690382859253077
30.887152273761785
30.208805847652002
28.878083295920987
27.670362098759142
28.58344820639195
30.30683826735094
29.315052497498073
28.810521719584358
28.705178017073194
28.51907298768765
29.84268293828154
29.79517322720949
29.89075084957676
29.791990119135335
30.79759066823135
30.915422982302516
29.605139518057513
29.687452620676595
28.60744414000692
28.167381251233564
26.681870011210776
26.041968877867475
26.87298012581141
26.09397318039919
25.588678554368016
25.979703322958812
27.992970437047006
27.324831443240328
26.347385306290562
27.521524849360503
27.78312294567877
28.517705132017
28.37530309567319
26.772630525352724
26.55825658249978
25.988192382827037
26.036126703409536
27.657924773892773
26.27243606018419
24.867141282002194
24.8854734831948
26.22841646148754
26.81537983049475
26.261590013187742
26.449597653204364
26.771779486158266
26.857042936252583
27.143899699893154
26.892118882870818
