64.91454132749108
64.84871373746702
65.12494221163422
64.26144626850692
62.2771132759833
62.77064937149186
64.1692969835131
63.43345899301954
61.622677170446536
60.884256814018414
61.58108084402329
60.721467495182765
60.2219600637103
61.29851616184817
61.00218454695744
59.581748199157744
59.2967209358369
58.682791132985415
58.334389708370736
58.31135405724149
56.013733284856016
54.05741177735183
52.19873055746939
51.6938002663486
52.555106538519
51.45645057070851
49.17250433775848
49.08393918270838
48.778751332771435
46.927620848668994
45.698262602166324
44.017746768595316
42.07980102925035
40.41972384381506
38.74147643769311
37.612263134773684
37.00942090840408
34.49911490135116
33.53024000441087
32.91104268918207
30.323600713023097
28.99721275296133
27.582237916306667
25.89994335972392
25.523648585157844
25.133216193820317
23.19529686949727
23.10548879819862
23.671477172860705
22.376703673691054
21.56952631014201
19.435166314668095
17.575858663054305
19.19996409822852
20.59668729086593
20.102554288473584
21.11080094634667
22.43201307906088
22.14562457249599
21.484331257390068
22.02001565757746
22.734523397895373
22.545759650964555
22.938336441407046
21.89095281149025
21.74862084368101
23.52397751927697
25.215128877440065
24.98250096100992
24.553926561246726
25.146355981268698
25.272036057489004
26.00343944835231
24.847649088294702
25.238847609741697
25.749628003493854
23.8615936422309
23.33529863088893
21.996775365099438
22.34835292231469
23.886608833369337
22.315021936582298
21.122892229570425
21.855461698808085
21.36063629930959
20.504131152828904
20.11018286305898
18.9434490412209
17.49653626198051
15.89447289844361
16.205861733133816
15.635981898836235
13.722298032117124
12.780127579560713
11.978450074410148
20.67444124852932
21.59294095999894
12.011193219785582
11.04389203320602
12.581000254953551
12.243572774294762
9.775056035012312
8.548760135636257
8.072954023224156
7.899511404501254
7.366958216875219
7.312234843247779
8.139373195372627
7.0487448099324865
5.933688111759693
8.062641869001027
9.853520075224196
8.459654525930091
7.725318410601176
9.201086385779718
9.77422516376987
7.928046780240265
7.797907237674053
8.349958715440607
8.56639716783775
7.517056167727105
5.470588977904754
6.355764045189517
6.599389445313136
6.772851146158246
6.193707603391886
4.006696908202684
5.81694347138523
7.256286933850561
5.854719039970632
4.631220544025609
4.780842150073568
5.078220386908697
4.683152141574055
4.951179861583796
5.229526469808889
4.858653080911836
4.269879774022229
3.8951917686481465
3.8151885019956353
3.701591287297333
3.4513660214856827
3.8252421383072033
4.462835685302025
3.138838036792322
0.7288568516833038
1.1838348028231849
2.750595927541781
4.961420580652884
6.3062663076580066
5.200401466240237
3.5534170413025095
3.427749224020772
4.635716614747935
3.7486621019641007
2.3025038380590104
2.3844501123576265
2.8019638993564513
2.1147664268587505
2.9288221645654176
3.659342661495657
1.5866340114687318
1.633898414619125
5.591757072549399
8.710757065922508
7.841810876593399
6.605075020179811
7.014401482686253
6.528048941502448
4.939306976080843
2.3673476828296316
1.1891202170158977
2.864901574737587
4.012473205817059
3.623700501255371
3.455700600933369
3.1896905815422087
1.7513954145265416
2.014526195551298
2.7510129151028195
0.8853001157197014
0.10182718303894944
1.2245221797018075
1.8631109598734383
1.5909127818611069
1.621621612469653
1.1497921617906286
0.4201067723906817
0.6805961298568945
0.38312029390499447
0.8103719350988285
2.5011238081342526
4.050761216839419
4.0389879359508996
1.1195319633864074
-0.09132285088594472
1.6322167978555626
1.4365354603878586
-0.15058213166389578
-0.5206603469105175
-1.0708363796018148
-0.8316789335938211
-0.5141982457864742
-1.1676598932644993
-0.5069822229495458
-0.9134877518672511
-1.172402626306166
-0.4409277352117442
-0.5976315163807158
-0.9993578647925005
-0.035196689725580654
0.25164223816841513
-2.7353203704742555
-3.613192190810878
-2.2404611232907428
-1.926136900268375
-0.4333578016910451
0.40245600495950384
-1.7148251628277649
-2.923644599296722
-2.1273702509618033
-2.0172481326824254
-2.3843299641946487
-0.9443848055684612
0.6994650419585469
0.8111628714714243
-0.025118699056292826
-1.5937076492682536
-2.2130361516503854
-3.0875667265879656
-3.9093314110677966
-2.4001634988328533
-1.6761019040095562
-2.0854393645440723
-3.042266226445463
-2.70403803827071
-2.2223955954548273
-3.3028525897370855
-2.070357549898972
-1.692824746803808
-3.0450731093292234
-2.7399888898673908
-2.2405384510598196
-2.2965474275420092
-2.653316667460331
-2.9964905816264036
-2.8271889667503274
-2.0612994265625275
-1.564142532647793
-2.7412325460782085
-2.7717433058114693
-3.2030192831566637
-2.8203002205591474
-0.99754931235816
-1.115178629184129
-2.2439735263899365
-0.9889957802549816
0.42555519544248455
-0.16177650526515208
-1.64599257543955
-3.516744079457794
-3.181446101857773
-1.9456014213458275
-0.8739766678231717
-0.17790902056890445
0.8009755496402704
0.7194336947657121
-1.8171242314033407
-2.45238896502633
-0.6839075260136269
0.07611891264127735
-0.43674998064830106
-0.7779534157164107
-0.041068552880688
-0.5466656073413105
-2.513106905817267
-3.344985854340848
-2.3616834790148005
-0.8876521933254935
-0.5190272152212856
-0.7621942219077482
0.20889308729420009
0.21173867386823986
-1.278993982810107
-1.4181316615106425
-2.721137259531588
-3.7374635690448486
-1.5945465633117237
0.07120337779520014
-0.11594443894000506
-0.923428059565822
-1.5008810911494948
-1.388785970961635
-0.9272215950297777
-1.5396715174517794
-2.893799909849349
-2.9011247818814354
-1.8293548787007694
-0.908781990870466
-0.535872443575272
-0.592191305925553
-0.18738886524693044
-0.3195053044364613
-0.9243098134938919
-0.8888829209979576
-2.159864957777245
-2.0132971129742145
-0.528646457006289
-1.2506383182792433
-1.6514621231099227
-0.29742257283191975
-0.22308320575052676
-0.8232174944912458
-1.2152361993425984
-2.241060131471386
-2.223604153972701
-1.4446111608242518
-1.3994768166955964
-1.5824773494796318
-1.4192632021195095
-1.8816204152033151
-1.0449373015262609
-0.05934982481176121
-0.7694048991738782
-1.3789639935619107
-2.0953234687613076
-2.0081633987624627
-2.330159518551909
-2.0407582294874373
-0.644048437445008
-0.86267365809681
-1.6450415203573812
-0.9971349566201297
-0.9495901306759151
-1.4264332967181872
-1.664263997606895
-1.8876686861608505
-1.8059221572334536
-2.882238919675274
-3.4652828677001253
-3.721939573416421
-3.907691552653887
-3.679393569431113
-3.8812800034013435
-2.4958955603653976
-0.9005039941725954
-1.299351605013726
-1.0586830161378202
-0.3658198291782355
