466.2995796279544
465.7854555317301
465.73503681431146
466.40098676646096
466.12507678320276
464.8237610865559
464.6429512296245
465.1566938356932
465.4005922276001
466.9555114821592
468.6816981851139
471.5487432871887
472.09055514790134
469.6507654367165
469.51000369913027
470.1772649265504
469.3351863767771
469.4758860724428
471.1489141483394
471.4384354157719
475.10033073303293
475.2394455845415
469.8134769197213
469.5926314171038
470.73588705171187
471.36343777213006
471.551680379087
469.04938770483477
467.1596351908129
466.0956337125508
467.1968736355657
467.3694667501877
465.66378786207224
470.5958934213231
473.1223431838471
467.1535896025507
462.5737572868238
470.18568791137113
467.5656209440622
456.5460901462866
456.74710312646675
455.0810069402287
452.94969023618614
449.4747688123516
446.7551264231115
446.8346271152568
443.98041770629607
440.78887840324023
439.88675444772707
441.3355325844277
443.17284551310695
440.7088803764491
437.4632453316208
438.632257990932
440.13239508445804
439.7009104395711
441.09696464138324
442.82848817802005
443.11522780488303
442.5605395798593
441.9596838590551
444.04304153667726
444.98771527527424
444.33703830915147
444.3342590850225
444.66399407548306
446.59313581554306
447.1515056252683
445.3785183407563
445.07977958412266
445.67535738781044
445.1777264403336
444.5473125351091
443.9728969585012
443.75269771795865
443.8001610125539
443.3878066845282
441.5840295606504
438.60849079139007
438.63050650383957
438.89715456379054
435.6607607279293
432.96332562982934
430.9372548851534
427.5173772074704
422.04605107825773
415.4258409558679
409.7370705982503
407.0943505667019
405.24257038068754
402.2597932747485
399.5396420513862
398.4159533714992
396.1156184993124
391.3987102415522
387.3186940945707
383.3111257882847
380.57196110999575
381.25691752673447
381.8972062043795
380.3323661824252
378.9465410089324
378.32544458996927
380.3794496101618
381.7488233252043
377.4124928321653
374.2532953790942
374.3918034719718
373.4765097677846
371.9656232409725
372.5714391966503
374.3411496145127
374.6513089137261
373.5913561183843
371.82320147734936
371.41196345792923
371.23165592213263
370.2386693643639
369.92296564876233
369.68911885727357
366.7832347004587
364.1307990354071
364.78905943408245
365.3027679998704
364.23949661454753
361.55101655007456
359.1395012944704
358.3215068967511
357.0661834878774
354.82871589219576
351.67049372369365
348.012652374131
345.11737439378703
342.84355998116007
342.46102979474017
338.43249962844857
333.59861801903025
331.38451241295843
329.0300593338652
329.3313788476735
328.12778796155544
325.0108902145148
322.0546329520548
319.9984479296436
317.28525739040197
314.26205977551217
312.4874932117564
310.93519347719484
308.70407187354795
313.5927539121658
311.52308089825965
302.1735052388649
300.23921130104645
299.17878917501366
299.0958365823026
299.5430538044675
298.8624255126524
298.83363591772286
296.76933151626145
293.59455410060036
292.38115696361274
289.14551993533314
289.1235721200974
289.85927468020236
288.92211409388256
288.4559023568727
288.3190207403168
288.39084616886976
288.31211536345654
285.4448440121341
282.29842753257253
282.56732204968284
283.5857822756079
284.3393015662441
283.4706036995267
282.6735063301603
282.2986839135119
281.31082937464816
281.1411077978264
279.13641973332415
276.4736863760263
275.7039056768117
274.75608434769674
273.1038669124682
269.1109570652916
266.05063019312365
264.222727926237
262.04722647136805
260.0296491794288
256.54622364608804
252.90215468579117
252.49570855673664
252.22599892959988
247.77967068455473
242.7154004597105
239.07076383825915
238.86699932836927
240.0336071807833
237.98192430967902
236.4405117330025
235.0285156313039
233.51372576943686
232.98587072085502
231.53379655577737
231.1487425407613
230.61687169632205
229.67080781100958
229.76804662287032
230.0846432595572
227.57186257329886
226.27914203860564
226.70608602734865
224.54293113762105
224.61395036808244
226.15153693583852
224.37530073214293
223.11964696816722
223.83845308492891
222.5951140577672
221.63878291250148
221.23127563577873
219.6798408976174
218.32327715668362
217.25327442351409
215.01882659604598
215.53571369798738
215.47014490899164
212.50064900995494
211.34410126884904
210.7728790263427
208.00242692430038
205.6082811997112
206.93482795977616
207.40996682325203
206.2221491136006
205.93111141486588
205.31924284888373
204.3664668858255
202.9349003086245
201.97249159582861
202.94138536378887
204.6714299925152
204.34274052068213
203.3011957568524
203.13284434113302
201.11717918685463
199.38003912875865
198.23417690136557
198.73543443910603
198.68052075958258
196.9994260477979
196.40116906956973
196.44837567434297
196.87480575197696
194.89651548367692
192.0559680585502
190.690000596951
190.64250473244465
189.9543258056001
186.92287675437547
184.23046902626083
183.09712473080435
182.2912323170167
181.9244039482146
182.8968568694254
182.84295462529553
181.61372570844833
178.5574898047489
176.34296823482873
176.85354230381927
175.76445364826213
173.9600428083213
174.06449461908778
177.4050216578471
176.80375817588356
174.60129395859985
174.1738927494589
172.7369572763928
173.76076981410006
174.1738072956432
172.77351588126476
172.4522906778875
171.61832846969628
169.19972117005818
169.00135211873567
168.3123401007615
166.48189644436934
166.52288146634965
166.5380019935983
166.5701152066249
167.00894405078725
167.75988526265428
167.74374899962277
165.5648608408883
164.2356266196948
164.37363818842277
164.50675139919622
165.11544236388727
165.61248017400067
164.0713548408021
163.5784912928939
164.9633355486949
165.1959451730072
164.816789091783
164.83541123585746
164.74083725664968
164.1623655358926
164.49719175430073
164.59028060975834
163.4833317706798
165.2634820631647
164.92579673964065
162.73280239389715
165.04492182860122
164.52124838022428
162.04706062930927
162.11574238172034
161.7058534746102
160.00812021187448
161.3649571214919
161.97489990261965
160.42365332313784
160.2224485715342
159.9128188308532
158.52676276334387
157.14678509005898
157.6619493740218
156.35388820499793
156.14003674198466
157.92396122436185
158.68190877985035
160.0033366086136
159.80555461291806
158.18774405188014
159.0873113944981
159.48700290602574
158.97646048135357
159.25624008361774
157.22460295507335
156.71559841401177
157.5930524528012
157.75738534932316
157.16047580743907
157.096945541889
159.89679555569455
160.96056397258508
161.33376073760883
161.8871661419107
159.331135862456
