411.8508573499843
413.15528386363644
414.8519904789689
411.8449182000919
410.2076281462914
412.82099832004553
411.50457547328574
409.907721390354
410.7893582896281
410.71788003017195
410.64903615603794
409.24430405650355
408.87263164879096
411.82683742538666
411.41787878519654
408.16076161834326
408.29451633658846
408.45325979263043
407.778017623953
407.1642939470007
405.5876849157912
404.9120805415796
403.8812645049675
403.4749219769792
403.0178192288131
401.5888368836486
400.2435321725561
400.37628011354445
398.86863724788145
395.8226580045002
394.4081508012396
392.47594078873317
387.6353202039136
378.41754587582
365.4329632652789
348.59691493029277
329.9100871631217
306.9189789326956
284.58470102794763
266.779083635558
253.28834777616248
242.43905247592284
229.92406813153866
218.31905093158184
210.1227557023958
197.59208732394472
184.28067863712386
178.94034779866888
173.53830474357528
170.4898886895753
169.1387003628006
167.0874043687145
164.42505562262704
163.06120776642456
163.03155901880746
162.45872130923271
163.139263298257
161.86385970501397
159.13949736169343
158.00748173128886
159.76191379508964
160.14288520155242
159.75294596505773
160.18423250933665
159.39201489761945
161.05249086488402
162.14437496925166
161.51528620765566
160.8362950575338
161.67413430336273
162.04050082171125
161.65307766171645
162.24390116614632
162.12502778612725
163.29141502787206
165.1719854473631
165.65310092134678
165.2509765594732
164.87162629432714
167.4804548995562
171.64668013115624
172.80549291767784
173.64663021753586
175.78197096306394
176.80257242210791
176.4689108733237
177.0144023710527
178.30507925655002
177.3579034122231
177.09754012922895
178.812372731325
179.03998183490694
179.54825507135683
181.14868251017833
182.54803570848526
181.85190772749775
180.61135081329667
180.85060205025547
181.59069945087504
184.6415061854168
185.69427396963692
184.10035414560662
184.15792664573746
183.2807425118499
182.95971639646814
182.25784738304537
181.76103811277244
182.17702190271666
182.0422482959384
181.27199152775393
180.48261765732423
181.61756967468318
182.12448344974837
180.99090267273095
178.91872450801202
180.30482820318866
182.49773027012634
181.73840636078057
180.24608381696453
180.7471127405479
179.27799011399657
176.88665364314875
177.57915916113961
177.35813518014402
176.86154534585512
175.76497236287832
176.73718344208282
176.63846676916546
174.65143683241877
172.94133941045402
172.64706225119517
173.99080509661508
172.64994600994214
171.212737641883
169.86109703825423
171.14829697147798
172.45767362909828
171.30449638241225
170.85585820761662
170.429227967732
171.39156013369575
170.7697340466184
170.37909911489987
171.0662795044991
169.5657752364532
168.79569337367866
169.87323299310083
171.0074775455323
172.06903376141054
173.84167664045526
174.08929263079335
172.46018370330785
170.87119000219172
172.1961845547412
171.52159745667086
171.7311766867315
171.8653829722607
169.91022830951988
169.66962096545103
168.7923286470177
170.61516568325897
168.31167528412334
166.05409400456483
167.02978027236168
167.75805675764423
168.03931007766732
167.1833173643754
167.20528385508806
168.38099764531944
166.23357775393015
160.89757207526782
160.32197692422415
160.4347049478456
160.86534269865297
163.09017312862852
163.83453555878805
163.83464315764286
161.1205662122884
159.67480993187564
161.14026243422995
161.10041864340383
161.37437353317728
161.71928627347006
162.48780870088376
162.9028771399462
163.91935733002174
165.2238267360808
164.25174133558903
164.12775924451125
163.7110121459009
163.47505151445512
165.81972855033746
166.9182660676015
165.771779278537
164.06190769686873
162.6936152687158
164.6770790374576
165.60744780148525
164.50641822150283
164.22006746890474
163.39125282939858
164.17684752690548
163.99995457738987
163.8609580257944
167.52218069602895
168.81337281269225
167.69277813184817
168.09314700190953
168.77282396247392
167.9152071093631
166.62273459600328
167.68027753817296
167.1732170278192
166.50723592257418
167.94176570310447
168.51989516974209
168.92656752955736
170.03411082009916
168.5905689845349
166.78564854143042
168.47543848953137
169.39043395334738
169.96008736528893
170.4733326050009
169.84413255596883
170.73689399254363
170.30817029172977
168.76619730881066
169.79117055553797
168.43174343291685
166.70125401285623
168.07103787675442
168.48806113610772
166.89427193632218
165.8779749346213
166.29485718018987
166.09715620300267
166.0464728712359
170.09820803014009
171.671387995244
169.08422843977678
168.87052925120224
167.0544288053061
166.59335726378777
168.78260284133285
166.73871775746375
164.93753447258132
165.22699448265485
165.3579061216078
164.67595479142983
164.71040951975374
165.5193268415096
166.47243323531438
167.36641388520366
165.24880744990514
164.71244077358278
166.06112386035238
165.41176608743626
166.48302640297698
165.18554286884319
161.5701903786503
160.92884095931367
160.6147970583297
161.95605251501547
161.9517601336047
162.05438881763985
163.21649031053676
162.1698473203287
161.4286147050625
161.4919333275211
161.3002679903875
160.89460189183956
159.97285419241598
160.02234636106368
159.81553129557142
158.236470338019
160.1291753493715
160.1576481866905
157.80548921736772
158.25780158021007
157.68134595676383
157.01118809391846
156.49939428736616
155.4336074284074
156.6070533540842
160.33846549841837
159.91341515286695
157.13926405420716
156.98455963876768
157.47877528377649
157.39575666225937
152.1081270325958
150.83514221139558
154.38946747317823
154.9999049926555
156.46380182322537
159.7381337641309
162.2589353952353
161.79122887084668
162.47484731352597
164.5284955361858
165.83136579499478
164.74530863969267
163.6190396116035
162.96137350846038
162.60393460878186
163.73854886844492
163.23455896769156
162.8160271044726
162.61547875818724
163.3671054934348
163.56801148456725
165.780596265824
166.5911541248497
162.29745711988653
162.09393660217756
158.77617649902095
161.76358043240907
166.59815723031352
166.54403958399052
168.11760877252527
171.59659679529432
178.17517037625294
180.05557943958047
178.74107764207656
177.42104829867094
177.30542481134398
175.8988961864161
176.5120921591988
177.59515738673144
177.802417789615
178.76515469179867
179.83738231056486
181.50074369852155
182.85115168921038
182.58552547533327
182.7369700082636
182.78579569304566
182.58923054725165
185.03459711789037
184.92402324041177
183.03655051590613
184.77903299770696
178.1207269751685
174.06478257297567
181.52848793769954
187.22887935924518
191.99248833231104
193.39684052764642
