165.1270334611298
164.99428214108832
164.11998602998443
161.65285963760937
159.6207194279869
161.1495961151051
162.75445780108026
162.01732315883152
161.4469855755907
163.64015408002308
163.46218248601588
160.72144894841563
159.8962391102458
161.304923291534
161.59478074060326
158.52347463142178
157.9812707506169
160.36093349365706
159.87332592098528
158.3139535300652
159.56937274629058
159.89647913470162
159.08902409778398
157.62659226282835
156.7334671827507
156.57269681090906
156.5703073542793
156.77975111333217
155.60707780564462
155.3468126826865
153.9481039140578
151.89923908903347
151.04790086490948
150.7336750186264
148.3587396329267
144.77256097657664
142.87410359549813
139.43749192470796
137.4642678407372
136.1297852434668
133.633140293
132.30958027668385
131.53080719322497
128.4846926109699
128.52018406654634
126.9782035485573
120.71179044544124
119.54432571803773
117.21360869232058
116.61615010195328
114.57844086722662
108.75548885395074
104.03436779777849
103.32174576687703
105.59669906721683
103.73412648052454
101.98631911146822
99.92582486093761
98.23762337621065
97.39342806428431
96.9377866436289
95.83283901258164
95.70461759806403
98.89191680634121
95.86276578339948
90.2689950060294
90.90437964072134
92.33973438501562
90.36240806827936
90.09030211507343
90.8198508313535
91.1538440271861
91.4336627967732
89.96884133935782
89.37265629408375
88.88744246982606
88.03438386413654
85.82891452792228
84.8065537913626
86.00455110112671
87.75085624188614
87.11603350458608
84.94657055814423
84.89818114620903
86.18566125447069
88.33535829297034
88.18500894601857
86.63902013486768
84.45013132611166
83.2148257184399
83.76274999365887
82.74813274659482
82.68308171388071
84.30901725389685
84.8033489511754
83.70290425731127
82.81897720574307
82.08820835316874
82.16565928151249
83.17665760815635
82.78733899600775
83.77957078969666
83.86927049739916
83.60699698546159
83.71276318231139
82.46617410819181
82.3308205367066
82.35195800773181
81.83346379798695
80.67790956965291
81.57299955664257
82.05700407515269
81.96120743567644
81.94609008431507
81.27586478310968
81.57834306155382
81.75969053980862
81.38855041776151
81.30285057359015
83.37530978577524
83.75529098156039
82.593523675695
81.87669917547191
80.59881651213527
81.5689375659631
82.57172735265522
83.09572527785349
82.57179918719066
82.563257416532
85.41653348921864
85.53312265580462
85.12183762429868
85.25660358798632
84.57695337575569
84.8277244764804
86.37240833408669
86.08227812876794
86.65528815950165
90.87465555365634
90.2537929414766
88.69792169432822
87.18712850557313
85.8233951011407
88.04428822384489
87.5210182159517
85.41317307944428
84.57144004540896
84.15803622048588
85.0829141249269
85.08422021252954
84.4808604591226
83.60244775898082
83.01044399267175
84.70097871667531
83.65997933388098
82.2756133311068
81.27836985794238
82.3023727111231
83.93625825633717
82.44459029587233
82.09886572813593
79.87135635617415
79.14584437405574
81.55125571414828
81.93237133342154
81.97097914151709
81.6937853864838
82.74982764139713
83.93506613721547
80.23258468650965
76.6421667493396
76.10370145151683
76.62268681258865
78.3545608319655
77.85981733611334
76.6217695199648
77.11327742422691
76.45212407474355
76.57888926485248
76.11337428973638
76.06448027236002
76.92246550705568
76.91613164083174
77.99261564346307
77.30228875281682
77.59540914732497
78.64848230264943
76.77706591889364
76.53970490281245
75.8173565499037
75.30001656756758
78.6390477972127
78.53810195781807
76.64314412331441
75.97530231642122
74.55947302121785
76.6965882395998
78.40533017912458
77.1311243475484
76.83719525293964
75.6566175941116
74.51044329432807
75.32551042745399
74.8390223891638
75.61328826876525
75.85515198517169
74.75420693107299
75.6072356766199
75.30069827683656
74.57095312519596
74.71884556459918
74.11943032384988
72.03298571747291
72.7925657302676
74.914518818965
74.28396056317797
74.94205330015029
75.1282351789705
73.57038240052134
74.15038643418666
74.50795048933469
74.86997115272243
77.22676570516342
77.79952436919666
77.12200920346913
78.93047837821541
78.09967348740975
75.72840385649397
75.25931928212412
73.51232507310124
73.30007665700032
74.64650358979088
74.26072863789341
73.5878600401029
74.16780995539193
74.57727064682695
75.06169190382388
75.5554425809587
76.54499559452597
76.39604682975369
75.75277737530814
78.07706010928996
77.13766881677839
75.95603123352703
76.7783956664789
74.77550797352706
73.78862890058917
74.97296291703424
77.6758495559443
78.8480300031224
77.46767192220614
77.1949401632628
78.37805736465634
79.20068922117207
79.51157275737205
78.740279466414
78.11021937376063
77.4638421751406
75.95845650633782
75.3401757226311
74.83398204405785
74.17282292914024
73.78305716801879
73.67658971697347
75.0402425949469
76.51211997762948
76.45848903096885
75.15426570979434
74.49200547433975
75.24584737127407
75.83374504973835
74.56076794099499
73.33817863343393
74.2741248905204
73.4021752954086
72.89936505332844
73.4943657087897
72.83324781575175
73.51553983836857
74.34761842127045
74.4594317097617
75.04861525237902
75.19986139630964
75.00664625358513
75.17887544324549
73.68462667275162
72.11045705690049
71.36884448425008
70.69637369477277
72.12490542304477
73.71073886177692
73.85659124543054
73.72969160605862
74.64627733888483
73.76626444002432
71.07242000963743
71.1398723033708
72.0965213310592
72.47982964622133
71.6148289979028
70.35297932916183
70.48435995788532
70.42312708223835
69.33644529721278
69.2924607357545
69.03563490756824
68.46627693636037
67.95139812527304
67.05348336845236
66.83822881630294
67.73145227410532
67.91042579828536
66.93575103888907
66.53956072446636
65.31826991955495
64.46720500269475
65.03341070113856
65.06033280195516
64.44664812236806
64.97497424483663
64.05698803619816
63.08231000279193
63.5619022407991
64.25039844718776
64.22030986169557
64.31925099210457
65.60741639845037
64.9748877877737
64.99970675001714
66.49798026760618
67.50613234269986
68.74941870828661
70.36995383926296
70.91316112752247
70.66514142006417
71.10841389601774
71.4735518441521
71.56676444451841
71.07888930822082
71.15338515101757
70.68628811882445
70.82775116181074
70.59918565427142
70.65225712229767
72.89095285710209
74.13251124296039
73.79032918225857
73.90417774746493
72.90307683280662
